26290.706660252006
9190.723087
9190.723087
37206.801118221774
14231.320070827263
14231.320070827263
14231.320070827263
30750.50101376098
61723.65101384478
26772.028573190742
38468.981418755546
40526.520250225556
24282.086888385995
24282.086888385995
22732.83382683783
22732.83382683783
22732.83382683783
26079.047723209602
28460.81913995021
26979.630562740145
26979.630562740145
53752.44332038278
32037.388209733006
33202.81864285725
33202.81864285725
33202.81864285725
33202.81864285725
37900.09950960986
60344.75168844544
24431.418886280386
24431.418886280386
49942.677694663376
54532.30223276726
62247.58087862687
23710.926790865837
23710.926790865837
44273.09315721883
46867.32712076849
54319.71055177167
57843.50867635035
26532.227756921027
26532.227756921027
43637.635224160214
43637.635224160214
43637.635224160214
26977.036232291837
53755.18621046434
50980.423535244365
45779.353892993124
45779.353892993124
60305.85760542605
60305.85760542605
77390.23935596013
98427.95805684174
98427.95805684174
64179.17686560622
39330.40392531187
39330.40392531187
60534.61499569996
57460.198045802885
39293.591085461725
62869.37934660213
50823.31819250091
50823.31819250091
50823.31819250091
44550.94381515472
44550.94381515472
72840.46514452755
71485.24581891164
44577.25137118407
75740.00931186555
77918.40347804199
77918.40347804199
76729.49787
76729.49787
48960.28838715033
48960.28838715033
80386.84345073643
56355.132890423934
56355.132890423934
56355.132890423934
56355.132890423934
58591.30387656536
58591.30387656536
58591.30387656536
64034.219574994815
78549.60945433972
81113.70142835059
81113.70142835059
81113.70142835059
101596.69844167045
68519.99248995422
68519.99248995422
95253.89313527086
95253.89313527086
95253.89313527086
71945.72914793307
71945.72914793307
74275.47971507051
74275.47971507051
122211.37694641802
104526.47941252688
76555.55671458697
76555.55671458697
95871.07795373723
107220.43916870095
78496.13805
97793.38832809689
108023.27557970647
108023.27557970647
79853.09683266439
79853.09683266439
107339.47015956516
100731.85950913711
81157.15418
105503.2963156327
109497.91733678704
84373.70622797491
105170.32056679495
155943.46697320713
85380.26944865088
105308.09177445713
133149.6139321379
133149.6139321379
116797.07326900499
83929.71625
83929.71625
83929.71625
119739.18281704985
84580.98035
84580.98035
118739.18228287261
118488.85785169486
88466.05540504458
127575.51368365699
127575.51368365699
127575.51368365699
127575.51368365699
131719.54307560198
131719.54307560198
101394.42197894218
127844.87650184106
106862.0872377028
106862.0872377028
168996.7321778863
-1366.142223
-1366.142223
5913.693437367678
-2080.615204
-158.8644882
-3093.342201
1325.6457422592503
