125925.3739
132927.7692
125099.0292
121566.5233
121566.5233
118277.6551
143519.344
131446.2176
118071.4129
120174.9401
121816.1576
125032.924
122838.4288
127306.1425
131760.2376
136977.6978
138678.3323
135761.462
140043.2979
132578.1137
132686.0396
138775.4603
136111.1684
145125.3837
140387.393
129293.7174
130545.8312
127668.0413
129089.2682
135246.2431
123938.3664
152879.5481
119332.3725
130329.4417
139127.152
131036.628
146050.8363
126557.8213
109806.2897
120558.3491
133793.0449
138738.8841
134816.263
130576.1288
152957.3909
133592.0508
132480.2329
134732.3495
147906.555
129341.228
122068.4501
138910.5663
140070.9206
132477.7026
144866.874
127063.6661
127781.2148
130083.9711
142259.165
137016.3687
123376.6191
129357.6148
141310.8781
117395.7515
119935.612
118686.6899
134662.267
131966.2413
122048.6543
151031.1637
134002.2573
141662.7363
143039.0816
133035.8316
148785.6855
141724.6318
136250.5333
130327.0982
135691.1525
134660.0165
112706.1822
132032.0508
127522.2319
120910.2829
132801.1645
128281.1557
140428.9066
150033.22
115045.7361
101738.7751
130551.802
125490.2627
93077.45609
119871.9635
91339.31809
136541.7759
140504.7485
124188.8092
105733.8177
134068.8635
136827.7196
137218.009
136402.5829
142883.0997
136500.3293
146759.0334
122023.5042
128970.3836
126805.8759
142091.247
135351.6851
132488.4972
125603.9103
135369.3258
134076.9295
134076.9295
121174.0223
145516.7763
153074.3519
128726.9726
122371.7428
132813.9221
115312.1318
135300.163
121115.7214
128188.6718
152896.3416
132975.4178
140283.7834
103870.8516
139401.7437
128754.2093
131031.855
124502.4005
127510.2674
133827.7315
138068.8979
169724.342
121431.1306
149629.9227
160140.4131
147521.2317
132853.7242
151466.7505
130004.0321
127374.0938
128558.8145
125270.4645
125783.5332
149999.6372
140696.2825
151509.2493
